# oST version 5.0 parameters


[image]

width
640

height
480

[narrow_stereo/left]

camera matrix
566.069947 0.000000 303.150055
0.000000 567.131904 217.972720
0.000000 0.000000 1.000000

distortion
-0.131405 -0.008055 0.001175 0.006563 0.000000

rectification
1.000000 0.000000 0.000000
0.000000 1.000000 0.000000
0.000000 0.000000 1.000000

projection
538.865601 0.000000 305.137703 0.000000
0.000000 551.694885 216.717706 0.000000
0.000000 0.000000 1.000000 0.000000

